Fri Jun 27 00:41:05 PDT 2003
    A   08  09  19  43  46    13 
    B   01  11  33  35  44    10 

Fri Jun 27 00:41:20 PDT 2003
    A   06  08  09  23  31    10 
    B   04  09  14  16  19    17 
    C   05  20  24  32  35    23 
    D   17  28  29  31  47    24 
    E   10  20  32  43  44    15 
    F   06  19  22  31  46    03 
    G   02  09  21  23  30    11 
    H   10  24  26  29  31    05 

Fri Jun 27 00:41:39 PDT 2003
    A   11  20  22  24  39    20 
    B   01  26  35  37  40    07 
    C   23  29  32  36  47    12 
    D   05  14  18  33  35    08 
    E   26  28  31  36  44    16 
    F   02  14  23  32  47    21 
    G   02  18  21  22  31    07 
    H   12  22  27  33  36    23 
    I   03  13  21  27  38    01 
    J   01  07  14  34  43    24 
    A   05  14  23  32  42    12 
    B   01  02  04  11  39    14 

Fri Jun 27 00:42:28 PDT 2003
    A   02  16  34  35  46    12 
    B   19  28  34  43  44    11 
    C   01  04  07  17  33    18 
    D   04  17  25  28  34    15 
    E   04  09  13  20  45    08 
    F   03  10  36  45  46    21 
    G   21  30  41  44  47    24 
    H   07  18  27  30  42    14 
    I   22  35  36  39  42    15 
    J   02  15  33  40  46    02 
    A   07  30  32  34  36    21 
    B   17  26  34  35  37    12 
    C   08  28  43  46  47    07 
    D   07  14  16  34  38    11 
    E   08  09  20  22  27    05 
    F   01  13  19  31  38    26 
    G   01  20  31  33  42    06 
    H   09  21  24  26  42    11 
    I   05  12  26  27  31    01 
    J   03  09  17  39  40    16 
    A   08  18  20  23  44    13 
    B   07  22  31  36  40    21 

Fri Jun 27 00:47:16 PDT 2003

Fri Jun 27 00:52:32 PDT 2003
    A   06  07  32  33  35    21 
    B   17  22  38  43  47    10 
    C   09  23  26  34  42    10 
    D   02  11  12  23  41    11 
    E   07  21  26  28  47    03 
    F   20  22  29  40  42    03 
    G   07  12  21  36  47    24 
    H   01  02  09  14  20    05 
    I   20  26  30  33  40    23 
    J   03  07  14  25  43    08 
    A   02  06  15  43  47    15 
    B   01  12  24  29  32    21 
    C   11  28  37  39  43    14 
    D   05  18  27  28  40    20 
    E   11  19  23  37  38    20 
    F   04  07  22  27  29    26 
    G   02  17  28  40  43    26 
    H   02  04  19  33  38    08 
    I   05  12  14  21  41    17 
    J   20  29  30  39  47    17 
    A   01  17  36  39  42    18 

Fri Jun 27 00:52:47 PDT 2003
    A   02  12  22  25  29    12 
    B   06  25  26  35  37    10 
    C   09  10  11  21  30    15 
    D   05  11  13  22  41    20 
    E   05  06  18  21  30    18 
    F   18  20  23  34  46    20 
    G   08  10  28  43  45    06 
    H   05  08  23  34  38    03 
    I   06  13  28  29  36    22 
    J   10  27  42  45  46    10 
    A   03  21  37  39  46    05 
    B   16  20  22  29  44    16 
    C   16  24  27  46  47    08 
    D   13  21  24  39  47    21 
    E   02  08  26  35  44    20 
    F   02  08  13  18  25    26 
    G   11  36  37  39  40    04 
    H   27  29  30  35  44    24 
    I   02  17  33  39  46    14 
    J   01  06  23  39  44    12 
    A   06  12  25  36  41    21 

Fri Jun 27 00:53:08 PDT 2003
    A   10  11  21  37  45    07 

Fri Jun 27 00:54:55 PDT 2003
    A   12  15  16  21  27    10 

Fri Jun 27 01:01:26 PDT 2003

Fri Jun 27 01:09:35 PDT 2003
    A   07  10  12  25  46    03 

Fri Jun 27 01:22:22 PDT 2003
    A   06  32  41  43  47    16 

Fri Jun 27 01:25:06 PDT 2003
    A   01  07  31  33  47    14 

Fri Jun 27 01:25:28 PDT 2003
    A   08  11  14  22  44    23 
    B   06  08  19  24  29    07 
    C   07  09  11  40  41    20 
    D   13  20  26  32  42    03 
    E   19  26  27  31  39    20 
    F   01  03  04  15  26    18 
    G   05  22  23  31  32    02 
    H   02  18  19  32  43    11 
    I   20  21  36  41  46    12 
    J   01  05  16  17  32    21 
    A   09  14  21  23  31    08 

Fri Jun 27 01:25:44 PDT 2003

Fri Jun 27 01:25:57 PDT 2003

Fri Jun 27 01:31:04 PDT 2003

Fri Jun 27 01:31:13 PDT 2003

Fri Jun 27 01:31:18 PDT 2003
    A   07  17  32  34  44    22 

Fri Jun 27 01:31:33 PDT 2003
    A   17  18  23  33  43    07 
    B   01  13  33  34  42    27 
    C   05  06  13  33  42    06 
    D   09  11  28  36  47    15 
    E   04  11  14  15  27    13 
    F   02  03  15  18  26    04 
    G   25  30  34  40  43    09 
    H   01  22  28  34  35    08 
    I   14  20  24  34  37    12 
    J   01  10  13  16  28    02 
    A   02  05  13  27  35    02 
    B   15  20  32  33  34    19 
    C   03  04  06  42  46    06 
    D   28  30  31  32  38    03 
    E   09  23  25  45  46    27 
    F   09  13  16  22  31    16 
    G   09  18  20  28  44    22 
    H   01  04  06  18  35    07 
    I   06  16  33  34  41    25 
    J   11  19  23  37  41    10 
    A   16  20  23  28  34    11 

Fri Jun 27 01:31:49 PDT 2003
    A   07  10  19  21  33    20 

Fri Jun 27 01:31:54 PDT 2003
    A   01  16  26  43  44    07 
    B   01  02  04  18  21    01 
    C   09  18  39  43  46    27 
    D   03  06  28  37  40    01 
    E   04  17  26  27  33    19 
    F   06  10  23  32  37    02 
    G   02  05  14  23  35    24 
    H   25  33  34  35  47    22 
    I   08  19  27  40  43    11 
    J   04  09  22  28  37    26 
    A   08  09  21  28  46    09 
    B   16  20  30  31  39    14 
    C   01  25  29  35  36    25 
    D   02  12  15  37  40    24 
    E   05  14  29  31  33    25 
    F   15  26  27  33  39    19 
    G   05  16  24  25  39    13 
    H   04  05  28  32  47    17 
    I   04  06  21  26  42    16 
    J   04  06  15  19  34    09 
    A   05  15  31  42  46    16 

Fri Jun 27 01:31:59 PDT 2003

Fri Jun 27 01:35:12 PDT 2003

Fri Jun 27 01:36:02 PDT 2003

Fri Jun 27 02:06:21 PDT 2003
    A   04  13  22  37  46    22 
    B   03  10  13  17  22    25 
    C   03  32  40  41  46    14 
    D   06  10  40  42  43    02 
    E   01  06  21  38  40    25 
    F   13  23  30  31  47    12 
    G   14  23  26  41  42    15 
    H   10  13  24  32  37    25 
    I   01  19  26  29  30    07 
    J   09  18  22  27  33    27 
    A   02  04  17  37  40    25 
    B   18  32  40  41  44    26 
    C   12  13  27  44  46    11 
    D   15  28  29  44  45    11 
    E   18  39  42  43  45    19 
    F   10  15  28  39  47    23 
    G   05  21  23  27  35    15 
    H   03  10  11  23  39    11 
    I   12  17  23  36  45    22 
    J   16  25  27  38  44    20 
    A   02  09  16  33  34    20 

Fri Jun 27 02:06:43 PDT 2003
    A   10  24  35  45  47    22 
    B   03  19  33  35  46    05 

Fri Jun 27 02:06:52 PDT 2003

Fri Jun 27 02:07:04 PDT 2003

Fri Jun 27 02:08:01 PDT 2003

Fri Jun 27 02:08:15 PDT 2003

Fri Jun 27 02:09:18 PDT 2003

Fri Jun 27 02:09:51 PDT 2003

Fri Jun 27 02:10:36 PDT 2003

